X	Y
640	492
40	492
656	491
647	490
228	488
3	490
203	488
604	487
230	485
217	487
16	486
220	480
27	480
428	477
118	475
432	473
218	471
423	471
213	467
64	467
53	465
9	464
220	462
201	463
59	458
3	459
54	457
48	456
9	446
656	443
89	440
85	432
81	432
652	433
98	452
657	426
41	420
654	419
85	419
96	414
22	415
657	408
86	402
598	397
12	379
571	374
3	371
562	369
1	369
2	361
564	361
571	350
656	348
545	345
88	340
70	339
40	341
39	336
575	340
551	335
548	334
555	333
628	328
559	328
581	344
564	324
593	333
576	320
32	321
609	315
656	307
624	312
566	312
35	304
656	299
620	293
70	291
583	290
575	296
43	288
638	287
37	291
646	283
30	272
1	270
657	269
618	275
656	261
649	280
640	301
649	338
643	329
649	324
645	318
641	313
10	254
655	254
603	251
587	243
653	238
655	222
26	221
617	221
627	221
12	218
631	209
633	231
18	187
605	187
601	179
622	177
643	196
653	175
595	171
622	163
22	170
17	173
21	172
572	155
563	154
29	148
1	147
29	137
594	137
651	138
626	118
609	151
614	171
573	166
616	154
606	146
632	137
568	112
604	107
615	105
639	98
544	93
638	94
657	87
592	78
646	75
590	73
2	80
553	69
634	62
564	64
134	62
152	65
604	60
112	59
638	58
619	95
648	124
636	108
638	85
648	84
621	81
635	79
602	69
146	53
476	50
643	50
584	45
118	45
648	43
642	41
654	33
99	32
638	30
647	32
11	25
1	27
606	19
601	19
17	17
648	19
473	13
604	12
248	10
200	7
17	9
641	6
152	10
144	6
7	10
1	5
653	9
622	10
244	3
657	1
647	4
619	1
609	2
596	3
366	1
232	5
160	2
152	2
145	1
329	246
477	491
573	490
194	490
569	488
551	488
474	486
124	486
83	487
532	485
299	486
276	485
293	484
43	484
505	484
359	483
53	483
586	482
574	483
283	484
546	481
355	482
184	483
553	480
515	482
141	483
45	481
107	483
581	480
491	483
269	483
573	479
308	477
303	477
300	476
297	476
262	477
66	476
283	477
593	474
484	475
356	475
253	476
67	480
350	475
59	473
507	476
471	473
395	474
379	477
287	472
129	478
602	473
595	469
269	469
394	468
278	469
176	468
253	469
150	467
554	469
469	467
369	468
354	467
243	468
148	466
37	467
595	465
549	465
399	465
397	465
379	465
81	465
603	465
557	464
543	467
185	475
140	467
28	466
274	465
606	462
419	461
394	462
388	462
381	461
214	461
79	461
441	461
246	460
136	461
23	461
301	459
21	459
314	467
79	458
610	458
440	457
403	458
396	457
367	458
351	461
285	459
209	457
613	456
438	456
331	459
250	456
213	456
22	456
264	461
253	459
606	454
425	454
291	455
243	455
483	454
433	454
258	453
227	455
404	452
389	453
612	450
321	454
284	452
396	450
291	449
382	451
243	449
191	450
147	451
35	451
606	448
332	449
253	449
225	446
220	448
233	450
463	444
403	445
22	444
188	444
466	442
438	442
237	442
229	443
31	444
458	444
122	442
109	445
433	440
405	440
303	445
293	443
179	440
144	443
57	442
43	443
442	441
395	441
209	443
381	438
281	443
243	436
186	437
428	437
378	435
259	435
467	434
223	437
17	436
372	442
240	433
195	433
162	461
169	459
179	456
179	450
166	447
159	446
166	442
51	436
6	433
436	432
268	441
251	436
411	440
628	429
445	432
313	431
284	431
104	430
348	443
356	450
248	428
378	428
320	428
51	428
628	426
499	426
434	426
420	426
389	426
292	428
184	428
142	426
474	426
380	425
281	426
457	424
411	426
237	431
545	423
473	449
457	457
355	424
188	422
189	421
171	422
151	429
62	422
54	422
197	427
505	420
326	420
248	420
200	420
4	419
415	419
378	419
339	418
179	419
486	418
427	422
408	419
360	418
321	432
321	442
297	417
275	419
184	417
354	417
303	421
269	416
243	416
171	417
156	417
311	417
617	414
469	414
417	414
247	413
188	414
603	415
466	412
304	413
3	412
409	413
308	411
249	411
174	412
470	410
458	411
316	412
160	412
608	411
397	415
350	409
588	440
585	461
577	449
562	441
586	437
563	430
582	427
561	408
453	408
404	408
389	415
355	409
278	411
264	419
242	409
209	409
201	412
168	409
256	410
195	410
554	414
552	414
486	405
203	406
189	405
126	428
131	436
124	433
118	427
125	413
28	405
335	413
11	409
234	410
140	403
135	403
563	403
458	403
423	407
250	404
149	402
510	401
466	403
401	404
127	403
611	403
354	401
322	403
295	409
257	400
242	400
194	402
33	402
22	400
166	401
471	398
428	399
134	398
342	401
502	397
474	396
292	397
130	396
395	396
351	397
251	397
227	400
156	400
463	396
456	395
217	416
212	427
211	395
498	393
330	398
165	394
574	400
443	411
446	420
311	395
293	390
609	389
580	394
569	389
493	389
483	395
651	387
503	387
297	387
493	385
403	388
483	385
465	388
284	392
271	384
113	386
70	387
476	385
451	388
266	383
226	386
203	390
497	381
651	380
531	382
191	381
397	380
132	379
537	379
374	399
219	380
475	378
418	378
232	379
225	377
421	392
387	387
24	379
534	433
502	449
526	449
528	417
521	417
510	407
521	395
530	395
133	375
146	382
525	373
495	376
199	374
484	377
322	372
313	372
427	371
142	371
116	371
274	376
146	372
267	371
505	371
400	368
396	371
299	371
221	369
175	390
174	401
522	370
28	371
170	366
112	387
105	392
106	387
104	382
435	368
351	365
135	365
58	378
260	385
530	366
489	363
373	363
369	363
651	363
541	362
165	362
114	362
17	362
544	370
516	363
507	362
393	361
337	366
313	362
194	369
482	363
464	370
448	367
431	360
416	366
334	363
308	363
231	363
205	362
200	361
186	362
127	362
109	361
49	363
636	360
213	366
212	366
125	359
19	359
654	358
265	358
124	358
534	359
477	357
434	358
381	357
164	358
159	357
266	355
228	357
322	359
95	361
91	358
15	355
551	356
435	353
75	356
67	354
515	354
495	361
395	355
374	355
335	381
361	381
334	354
298	358
216	353
173	359
100	355
43	371
48	374
527	352
258	353
54	355
400	348
187	349
177	349
144	360
140	356
458	348
313	348
279	365
245	368
25	347
181	346
98	348
46	346
533	346
255	345
215	346
204	352
198	347
65	345
498	345
481	349
468	349
445	352
427	347
355	347
284	348
249	344
195	344
154	351
116	346
107	346
167	347
131	346
455	350
101	341
531	340
470	341
347	343
213	339
200	339
516	343
217	339
124	341
629	344
484	338
453	337
450	338
112	337
537	337
501	337
475	341
384	347
178	339
106	336
59	339
6	336
495	334
406	334
378	334
521	337
271	341
123	333
530	331
501	331
491	331
462	331
332	335
320	341
134	334
128	331
105	332
481	331
357	331
626	356
622	347
616	347
611	332
518	329
508	336
269	332
175	330
395	337
394	339
354	328
347	333
488	328
475	328
468	331
406	328
365	332
309	330
114	331
404	326
401	326
323	325
316	326
300	325
100	325
377	324
176	324
99	324
463	324
309	323
304	324
138	324
386	327
116	322
529	321
468	323
345	321
129	325
62	323
56	324
545	320
480	323
475	322
421	341
356	323
339	320
234	325
225	320
443	322
410	318
221	322
306	317
208	333
178	317
94	318
549	316
537	315
427	315
422	315
416	316
328	321
441	315
435	316
316	317
172	315
526	313
520	319
368	314
214	317
90	313
499	313
444	312
411	312
107	319
15	315
458	322
139	325
300	310
545	309
540	309
470	313
288	329
275	315
240	308
203	309
461	308
387	308
261	310
219	308
525	307
490	306
104	308
583	307
538	305
329	309
315	307
197	306
357	305
278	305
23	308
376	311
349	309
157	323
433	306
131	302
476	304
342	303
195	301
545	300
337	300
296	300
284	304
497	313
487	314
448	308
434	299
262	300
301	298
210	301
153	299
453	298
419	302
256	298
203	299
428	297
295	296
231	299
246	319
234	312
189	298
50	299
452	295
425	295
407	309
405	302
278	296
184	295
436	294
107	298
46	294
507	299
293	293
146	293
259	292
94	291
16	291
418	291
487	292
446	291
210	295
542	290
457	288
393	295
358	294
327	295
217	291
97	291
21	292
464	295
464	295
490	286
274	290
249	299
446	285
313	291
154	289
410	286
212	283
430	283
136	283
104	283
552	282
538	283
492	283
423	286
382	284
217	281
93	282
507	284
486	280
472	284
273	280
181	300
169	289
5	283
426	280
258	281
559	282
485	278
376	289
238	278
211	277
82	288
496	277
491	277
227	285
134	276
423	274
214	274
555	273
473	275
438	283
331	275
246	276
164	274
16	274
545	275
535	273
502	277
448	275
363	280
341	284
299	274
258	274
170	274
138	282
78	274
313	275
270	277
89	270
180	269
329	268
290	281
88	268
81	268
431	271
88	266
235	267
227	267
185	265
394	275
252	267
218	267
197	279
198	283
445	262
330	263
315	264
259	262
189	262
588	261
303	268
125	261
121	286
111	309
123	297
424	259
364	259
262	259
256	259
244	260
485	259
401	258
396	258
390	259
412	267
322	256
259	256
59	259
547	257
516	255
479	266
153	268
134	257
129	255
100	266
434	259
438	259
182	259
558	252
308	255
221	251
44	252
553	252
405	251
83	251
319	249
516	248
437	249
427	250
110	251
92	253
63	267
35	248
313	245
217	245
29	245
550	244
442	245
187	245
221	244
130	245
461	260
465	267
315	241
253	245
602	241
541	240
526	243
485	243
429	241
373	255
357	240
220	240
56	244
554	243
106	243
382	238
520	236
459	237
346	257
279	236
371	236
304	241
278	235
112	236
84	235
197	240
108	234
474	236
211	248
599	235
386	235
375	233
238	243
177	233
69	238
54	235
445	238
430	231
291	238
278	251
274	259
329	245
610	230
310	229
294	228
282	229
606	227
557	232
240	229
186	233
171	228
602	227
344	227
118	242
546	226
519	227
376	227
214	227
346	222
321	222
243	222
198	222
199	221
175	221
42	233
328	221
286	220
297	219
241	220
194	220
115	219
42	219
204	219
421	218
380	220
251	217
215	217
209	224
142	236
145	235
139	235
39	217
568	232
557	220
549	217
498	222
465	216
244	218
494	215
446	221
306	224
193	214
197	215
502	213
227	225
356	224
276	212
267	225
489	210
307	210
127	212
508	219
496	260
523	285
520	282
524	276
342	212
256	212
100	211
59	209
35	211
541	215
476	214
287	217
237	211
177	208
603	210
464	206
323	211
276	206
134	206
447	205
246	207
540	203
454	203
362	202
264	204
134	201
126	201
98	204
531	202
488	209
365	200
298	204
238	202
554	207
351	201
182	210
545	196
529	196
546	195
528	195
101	195
465	195
198	204
338	195
268	195
235	195
158	194
533	195
494	195
448	197
328	207
281	193
251	193
242	195
91	193
273	192
105	190
337	189
432	190
308	189
50	203
550	187
142	201
277	188
265	188
516	208
290	185
573	199
579	196
442	201
283	195
421	186
97	184
320	181
278	182
455	181
344	180
228	187
107	180
459	178
449	178
304	178
299	183
209	179
100	178
4	180
517	177
513	179
481	177
312	178
289	180
277	178
426	177
232	176
131	178
331	178
329	179
265	180
121	185
289	174
252	176
243	174
222	173
527	180
460	174
227	174
207	172
106	172
521	172
513	170
323	170
191	219
194	182
158	171
469	170
361	171
352	169
262	169
211	172
159	176
490	169
436	174
294	170
179	175
141	175
134	171
513	167
488	167
377	167
216	170
204	167
526	167
420	169
227	167
538	166
304	169
141	165
355	164
200	165
147	164
121	169
40	182
32	188
43	177
5	165
233	163
214	164
193	162
179	163
517	163
485	182
499	190
499	179
370	164
360	163
347	163
288	163
248	165
227	160
219	164
186	160
170	167
117	161
481	167
441	162
95	199
79	226
78	221
82	185
526	159
463	162
291	157
476	157
144	158
117	157
62	157
502	155
452	155
181	155
425	158
212	154
205	156
103	160
90	155
532	155
221	153
490	157
476	152
467	153
415	153
362	155
281	159
49	155
343	152
196	155
362	202
405	226
406	211
364	187
394	183
374	182
524	149
348	149
151	150
366	149
116	148
193	147
158	147
499	148
491	147
354	147
338	148
121	146
107	147
469	148
364	146
318	145
161	152
10	147
446	150
424	147
333	146
307	145
292	147
79	144
70	149
41	146
524	143
514	144
118	143
529	144
442	142
197	142
481	144
22	140
459	140
246	140
241	139
188	145
151	141
153	142
338	138
384	140
374	139
202	139
123	139
500	137
265	149
254	145
243	136
237	136
132	148
51	139
512	145
454	134
277	134
201	134
467	134
416	137
340	133
81	133
524	131
235	130
193	133
448	136
441	130
145	132
132	129
126	129
121	130
544	129
459	132
315	131
307	134
284	135
251	129
227	144
211	131
179	131
174	139
457	127
570	126
533	129
456	126
227	126
174	130
521	126
515	127
499	125
435	126
328	131
45	125
270	132
136	125
495	133
516	123
118	122
513	120
431	135
385	125
323	121
291	121
254	120
243	123
186	124
179	122
80	155
70	179
62	178
73	166
13	120
534	119
462	119
9	121
461	118
314	118
277	118
467	117
358	132
301	121
191	121
139	117
394	141
384	159
412	118
285	115
125	116
501	117
420	115
273	115
197	114
175	117
6	114
581	113
464	113
435	115
334	115
328	115
317	114
184	114
428	113
409	112
340	117
306	113
270	119
356	111
278	112
19	112
413	110
281	110
253	110
210	118
478	109
473	109
57	108
275	107
191	107
185	107
145	111
96	113
235	106
136	107
24	107
106	106
62	106
574	115
551	110
515	109
482	124
366	110
347	111
314	106
249	104
234	111
203	107
156	123
141	105
126	106
174	103
158	101
58	102
477	101
474	100
467	101
363	100
160	100
137	101
488	99
379	105
301	104
293	100
221	99
144	99
61	99
200	99
370	97
169	100
69	100
58	97
28	99
482	96
477	97
423	99
311	97
209	99
196	99
161	97
51	99
460	96
36	108
184	98
19	99
411	100
326	93
454	92
320	93
286	95
12	91
476	92
461	90
536	89
485	91
481	89
339	95
170	91
159	91
430	91
376	91
301	89
255	103
177	92
85	89
131	95
41	92
497	90
236	87
146	87
36	86
435	86
227	91
43	86
293	85
251	85
518	83
466	84
489	83
419	83
309	84
254	82
234	83
26	84
370	83
350	81
279	93
266	82
115	100
112	82
387	90
318	81
470	80
337	79
178	81
124	82
139	87
514	77
322	77
316	78
252	77
561	77
450	100
453	108
449	84
356	89
355	93
299	81
185	77
371	75
291	75
566	74
311	74
462	77
193	74
140	75
39	77
508	75
400	87
362	72
242	79
227	76
121	73
83	75
451	73
314	70
236	75
115	70
28	69
536	67
379	73
329	72
228	69
193	67
439	72
326	66
41	66
249	70
189	65
92	76
38	65
488	74
419	71
387	68
371	64
419	64
347	71
236	65
332	62
275	64
408	62
51	62
328	60
281	67
280	70
395	60
302	64
305	67
274	58
266	58
261	59
262	68
342	59
316	60
305	58
46	63
37	57
22	63
542	60
472	59
437	56
430	60
415	59
406	57
207	57
28	61
528	90
529	100
438	55
244	59
464	58
226	54
190	54
282	54
259	54
215	69
204	80
220	62
619	53
430	51
210	52
459	51
451	52
367	50
262	50
33	50
418	49
403	49
37	50
517	48
411	48
235	51
54	56
74	99
60	131
78	121
67	115
83	109
592	47
340	50
139	47
66	47
594	45
355	58
259	46
251	47
603	45
434	46
353	44
223	48
60	45
385	53
345	43
214	45
158	44
397	44
357	43
270	46
229	42
474	41
260	41
81	42
626	44
554	43
155	41
74	40
448	44
306	40
291	47
535	38
426	38
394	38
226	38
324	46
307	37
275	39
210	41
371	37
366	37
510	38
453	36
221	35
57	36
517	35
499	35
411	34
361	34
114	35
585	34
388	38
378	36
282	35
257	34
250	39
248	33
554	33
484	35
472	35
441	35
66	36
146	34
376	30
332	29
269	29
588	28
321	32
315	29
281	28
166	28
133	28
499	28
391	27
351	33
345	26
67	28
438	25
432	25
324	25
573	28
307	25
275	25
224	30
163	26
152	29
329	23
257	23
157	23
73	24
127	30
380	24
462	33
243	25
584	19
286	19
207	17
290	22
279	17
87	20
483	19
303	18
314	17
275	14
92	13
570	13
163	14
562	10
130	16
552	8
268	10
263	15
90	9
385	15
540	8
317	6
168	9
122	10
426	21
423	28
416	24
178	5
444	10
348	12
268	4
428	4
414	3
402	18
400	15
68	4
61	2
45	4
22	4
17	1
4	2
